# Data aggregated from National Annenberg Election Survey
# http://www.annenbergpublicpolicycenter.org/political-communication/naes/

gp_data <- list(
  N_ages=80,
  ages=c(18, 19, 20, 21, 22, 23, 24, 25, 26, 27, 28, 29, 30, 31, 32, 33, 34, 35, 36, 37, 38, 39, 40, 41, 42, 43, 44, 45, 46, 47, 48, 49, 50, 51, 52, 53, 54, 55, 56, 57, 58, 59, 60, 61, 62, 63, 64, 65, 66, 67, 68, 69, 70, 71, 72, 73, 74, 75, 76, 77, 78, 79, 80, 81, 82, 83, 84, 85, 86, 87, 88, 89, 90, 91, 92, 93, 94, 95, 96, 97),
  K_male=c(38, 36, 32, 25, 28, 44, 41, 49, 46, 37, 50, 39, 51, 43, 52, 55, 41, 39, 52, 27, 45, 40, 56, 41, 42, 45, 45, 54, 44, 41, 39, 42, 47, 38, 47, 36, 38, 48, 38, 36, 23, 27, 26, 25, 29, 10, 15, 16, 13, 14, 16, 8, 11, 12, 11, 11, 8, 12, 7, 8, 8, 3, 5, 4, 4, 6, 3, 0, 1, 2, 0, 2, 0, 0, 1, 0, 1, 0, 0, 0),
  N_male=c(100, 77, 63, 73, 77, 104, 114, 124, 96, 98, 119, 112, 131, 142, 162, 157, 124, 128, 148, 114, 156, 122, 189, 132, 175, 151, 175, 191, 165, 170, 142, 163, 177, 137, 165, 124, 135, 139, 141, 139, 119, 97, 114, 97, 113, 90, 74, 111, 66, 75, 73, 52, 70, 54, 69, 62, 44, 62, 43, 45, 41, 33, 48, 28, 33, 25, 22, 20, 12, 9, 9, 6, 6, 0, 5, 1, 2, 0, 0, 0),
  K_female=c(62, 40, 31, 57, 55, 60, 64, 82, 62, 69, 71, 50, 75, 59, 55, 85, 70, 59, 55, 77, 66, 51, 79, 53, 70, 66, 60, 81, 80, 80, 66, 65, 93, 74, 60, 70, 70, 66, 58, 65, 38, 48, 44, 33, 27, 26, 25, 42, 17, 20, 21, 10, 29, 18, 22, 26, 16, 24, 20, 15, 6, 8, 16, 4, 11, 4, 6, 8, 5, 1, 2, 1, 2, 0, 0, 1, 1, 0, 0, 1),
  N_female=c(100, 76, 65, 99, 105, 125, 115, 139, 126, 151, 134, 117, 164, 134, 145, 178, 182, 145, 144, 155, 172, 156, 242, 157, 204, 162, 156, 229, 195, 202, 186, 214, 246, 176, 180, 185, 190, 177, 159, 184, 136, 149, 176, 112, 133, 110, 104, 148, 98, 93, 101, 84, 128, 82, 107, 83, 83, 80, 75, 77, 58, 42, 82, 47, 54, 43, 36, 30, 28, 14, 14, 13, 12, 9, 4, 2, 1, 2, 2, 1),
  K=c(100, 76, 63, 82, 83, 104, 105, 131, 108, 106, 121, 89, 126, 102, 107, 140, 111, 98, 107, 104, 111, 91, 135, 94, 112, 111, 105, 135, 124, 121, 105, 107, 140, 112, 107, 106, 108, 114, 96, 101, 61, 75, 70, 58, 56, 36, 40, 58, 30, 34, 37, 18, 40, 30, 33, 37, 24, 36, 27, 23, 14, 11, 21, 8, 15, 10, 9, 8, 6, 3, 2, 3, 2, 0, 1, 1, 2, 0, 0, 1),
  N=c(200, 153, 128, 172, 182, 229, 229, 263, 222, 249, 253, 229, 295, 276, 307, 335, 306, 273, 292, 269, 328, 278, 431, 289, 379, 313, 331, 420, 360, 372, 328, 377, 423, 313, 345, 309, 325, 316, 300, 323, 255, 246, 290, 209, 246, 200, 178, 259, 164, 168, 174, 136, 198, 136, 176, 145, 127, 142, 118, 122, 99, 75, 130, 75, 87, 68, 58, 50, 40, 23, 23, 19, 18, 9, 9, 3, 3, 2, 2, 1)
)